1.00000000000e+05	3.615115e-04	0.000000e+00
1.04500000000e+05	3.619018e-04	0.000000e+00
1.09000000000e+05	3.618314e-04	0.000000e+00
1.13500000000e+05	3.620646e-04	0.000000e+00
1.18000000000e+05	3.620948e-04	0.000000e+00
1.22500000000e+05	3.622479e-04	0.000000e+00
1.27000000000e+05	3.620942e-04	0.000000e+00
1.31500000000e+05	3.624887e-04	0.000000e+00
1.36000000000e+05	3.624725e-04	0.000000e+00
1.40500000000e+05	3.628014e-04	0.000000e+00
1.45000000000e+05	3.628707e-04	0.000000e+00
1.49500000000e+05	3.632050e-04	0.000000e+00
1.54000000000e+05	3.633123e-04	0.000000e+00
1.58500000000e+05	3.635958e-04	0.000000e+00
1.63000000000e+05	3.636776e-04	0.000000e+00
1.67500000000e+05	3.638474e-04	0.000000e+00
1.72000000000e+05	3.641921e-04	0.000000e+00
1.76500000000e+05	3.643221e-04	0.000000e+00
1.81000000000e+05	3.646690e-04	0.000000e+00
1.85500000000e+05	3.648796e-04	0.000000e+00
1.90000000000e+05	3.652195e-04	0.000000e+00
1.94500000000e+05	3.653207e-04	0.000000e+00
1.99000000000e+05	3.654569e-04	0.000000e+00
2.03500000000e+05	3.659888e-04	0.000000e+00
2.08000000000e+05	3.661339e-04	0.000000e+00
2.12500000000e+05	3.661345e-04	0.000000e+00
2.17000000000e+05	3.665416e-04	0.000000e+00
2.21500000000e+05	3.671314e-04	0.000000e+00
2.26000000000e+05	3.673478e-04	0.000000e+00
2.30500000000e+05	3.676625e-04	0.000000e+00
2.35000000000e+05	3.682312e-04	0.000000e+00
2.39500000000e+05	3.683163e-04	0.000000e+00
2.44000000000e+05	3.686850e-04	0.000000e+00
2.48500000000e+05	3.691258e-04	0.000000e+00
2.53000000000e+05	3.695521e-04	0.000000e+00
2.57500000000e+05	3.699030e-04	0.000000e+00
2.62000000000e+05	3.703191e-04	0.000000e+00
2.66500000000e+05	3.706417e-04	0.000000e+00
2.71000000000e+05	3.710809e-04	0.000000e+00
2.75500000000e+05	3.713981e-04	0.000000e+00
2.80000000000e+05	3.718597e-04	0.000000e+00
2.84500000000e+05	3.722518e-04	0.000000e+00
2.89000000000e+05	3.726255e-04	0.000000e+00
2.93500000000e+05	3.731094e-04	0.000000e+00
2.98000000000e+05	3.736004e-04	0.000000e+00
3.02500000000e+05	3.741904e-04	0.000000e+00
3.07000000000e+05	3.745246e-04	0.000000e+00
3.11500000000e+05	3.750334e-04	0.000000e+00
3.16000000000e+05	3.753516e-04	0.000000e+00
3.20500000000e+05	3.759796e-04	0.000000e+00
3.25000000000e+05	3.764805e-04	0.000000e+00
3.29500000000e+05	3.768218e-04	0.000000e+00
3.34000000000e+05	3.773301e-04	0.000000e+00
3.38500000000e+05	3.780285e-04	0.000000e+00
3.43000000000e+05	3.785484e-04	0.000000e+00
3.47500000000e+05	3.791011e-04	0.000000e+00
3.52000000000e+05	3.795615e-04	0.000000e+00
3.56500000000e+05	3.801286e-04	0.000000e+00
3.61000000000e+05	3.807963e-04	0.000000e+00
3.65500000000e+05	3.813714e-04	0.000000e+00
3.70000000000e+05	3.819061e-04	0.000000e+00
3.74500000000e+05	3.824633e-04	0.000000e+00
3.79000000000e+05	3.830869e-04	0.000000e+00
3.83500000000e+05	3.837775e-04	0.000000e+00
3.88000000000e+05	3.843413e-04	0.000000e+00
3.92500000000e+05	3.849901e-04	0.000000e+00
3.97000000000e+05	3.856095e-04	0.000000e+00
4.01500000000e+05	3.863302e-04	0.000000e+00
4.06000000000e+05	3.870202e-04	0.000000e+00
4.10500000000e+05	3.875181e-04	0.000000e+00
4.15000000000e+05	3.882286e-04	0.000000e+00
4.19500000000e+05	3.890528e-04	0.000000e+00
4.24000000000e+05	3.896628e-04	0.000000e+00
4.28500000000e+05	3.905671e-04	0.000000e+00
4.33000000000e+05	3.911511e-04	0.000000e+00
4.37500000000e+05	3.919558e-04	0.000000e+00
4.42000000000e+05	3.927604e-04	0.000000e+00
4.46500000000e+05	3.934817e-04	0.000000e+00
4.51000000000e+05	3.941969e-04	0.000000e+00
4.55500000000e+05	3.950759e-04	0.000000e+00
4.60000000000e+05	3.957421e-04	0.000000e+00
4.64500000000e+05	3.966514e-04	0.000000e+00
4.69000000000e+05	3.973361e-04	0.000000e+00
4.73500000000e+05	3.981984e-04	0.000000e+00
4.78000000000e+05	3.991894e-04	0.000000e+00
4.82500000000e+05	3.998956e-04	0.000000e+00
4.87000000000e+05	4.008167e-04	0.000000e+00
4.91500000000e+05	4.017936e-04	0.000000e+00
4.96000000000e+05	4.026529e-04	0.000000e+00
5.00500000000e+05	4.034757e-04	0.000000e+00
5.05000000000e+05	4.045024e-04	0.000000e+00
5.09500000000e+05	4.053626e-04	0.000000e+00
5.14000000000e+05	4.063143e-04	0.000000e+00
5.18500000000e+05	4.072845e-04	0.000000e+00
5.23000000000e+05	4.083256e-04	0.000000e+00
5.27500000000e+05	4.092473e-04	0.000000e+00
5.32000000000e+05	4.100469e-04	0.000000e+00
5.36500000000e+05	4.112147e-04	0.000000e+00
5.41000000000e+05	4.121187e-04	0.000000e+00
5.45500000000e+05	4.131753e-04	0.000000e+00
5.50000000000e+05	4.142753e-04	0.000000e+00
5.54500000000e+05	4.152930e-04	0.000000e+00
5.59000000000e+05	4.163576e-04	0.000000e+00
5.63500000000e+05	4.175140e-04	0.000000e+00
5.68000000000e+05	4.185339e-04	0.000000e+00
5.72500000000e+05	4.196549e-04	0.000000e+00
5.77000000000e+05	4.207749e-04	0.000000e+00
5.81500000000e+05	4.219358e-04	0.000000e+00
5.86000000000e+05	4.232459e-04	0.000000e+00
5.90500000000e+05	4.242496e-04	0.000000e+00
5.95000000000e+05	4.254969e-04	0.000000e+00
5.99500000000e+05	4.266740e-04	0.000000e+00
6.04000000000e+05	4.278710e-04	0.000000e+00
6.08500000000e+05	4.292098e-04	0.000000e+00
6.13000000000e+05	4.302438e-04	0.000000e+00
6.17500000000e+05	4.316548e-04	0.000000e+00
6.22000000000e+05	4.329142e-04	0.000000e+00
6.26500000000e+05	4.341617e-04	0.000000e+00
6.31000000000e+05	4.355283e-04	0.000000e+00
6.35500000000e+05	4.367869e-04	0.000000e+00
6.40000000000e+05	4.381898e-04	0.000000e+00
6.44500000000e+05	4.395228e-04	0.000000e+00
6.49000000000e+05	4.408152e-04	0.000000e+00
6.53500000000e+05	4.423032e-04	0.000000e+00
6.58000000000e+05	4.437600e-04	0.000000e+00
6.62500000000e+05	4.452447e-04	0.000000e+00
6.67000000000e+05	4.466970e-04	0.000000e+00
6.71500000000e+05	4.480965e-04	0.000000e+00
6.76000000000e+05	4.498308e-04	0.000000e+00
6.80500000000e+05	4.511586e-04	0.000000e+00
6.85000000000e+05	4.528133e-04	0.000000e+00
6.89500000000e+05	4.542330e-04	0.000000e+00
6.94000000000e+05	4.556871e-04	0.000000e+00
6.98500000000e+05	4.573047e-04	0.000000e+00
7.03000000000e+05	4.590368e-04	0.000000e+00
7.07500000000e+05	4.607198e-04	0.000000e+00
7.12000000000e+05	4.624436e-04	0.000000e+00
7.16500000000e+05	4.639613e-04	0.000000e+00
7.21000000000e+05	4.656352e-04	0.000000e+00
7.25500000000e+05	4.675755e-04	0.000000e+00
7.30000000000e+05	4.693108e-04	0.000000e+00
7.34500000000e+05	4.709991e-04	0.000000e+00
7.39000000000e+05	4.729398e-04	0.000000e+00
7.43500000000e+05	4.746172e-04	0.000000e+00
7.48000000000e+05	4.762225e-04	0.000000e+00
7.52500000000e+05	4.782707e-04	0.000000e+00
7.57000000000e+05	4.802273e-04	0.000000e+00
7.61500000000e+05	4.819472e-04	0.000000e+00
7.66000000000e+05	4.837584e-04	0.000000e+00
7.70500000000e+05	4.859548e-04	0.000000e+00
7.75000000000e+05	4.879272e-04	0.000000e+00
7.79500000000e+05	4.900352e-04	0.000000e+00
7.84000000000e+05	4.920427e-04	0.000000e+00
7.88500000000e+05	4.941221e-04	0.000000e+00
7.93000000000e+05	4.960041e-04	0.000000e+00
7.97500000000e+05	4.982916e-04	0.000000e+00
8.02000000000e+05	5.005334e-04	0.000000e+00
8.06500000000e+05	5.025663e-04	0.000000e+00
8.11000000000e+05	5.049594e-04	0.000000e+00
8.15500000000e+05	5.072076e-04	0.000000e+00
8.20000000000e+05	5.092540e-04	0.000000e+00
8.24500000000e+05	5.116015e-04	0.000000e+00
8.29000000000e+05	5.138345e-04	0.000000e+00
8.33500000000e+05	5.162605e-04	0.000000e+00
8.38000000000e+05	5.185300e-04	0.000000e+00
8.42500000000e+05	5.212774e-04	0.000000e+00
8.47000000000e+05	5.237380e-04	0.000000e+00
8.51500000000e+05	5.261615e-04	0.000000e+00
8.56000000000e+05	5.286796e-04	0.000000e+00
8.60500000000e+05	5.312456e-04	0.000000e+00
8.65000000000e+05	5.335099e-04	0.000000e+00
8.69500000000e+05	5.364784e-04	0.000000e+00
8.74000000000e+05	5.391866e-04	0.000000e+00
8.78500000000e+05	5.418783e-04	0.000000e+00
8.83000000000e+05	5.444046e-04	0.000000e+00
8.87500000000e+05	5.475872e-04	0.000000e+00
8.92000000000e+05	5.502807e-04	0.000000e+00
8.96500000000e+05	5.531503e-04	0.000000e+00
9.01000000000e+05	5.559897e-04	0.000000e+00
9.05500000000e+05	5.590644e-04	0.000000e+00
9.10000000000e+05	5.619493e-04	0.000000e+00
9.14500000000e+05	5.651743e-04	0.000000e+00
9.19000000000e+05	5.685584e-04	0.000000e+00
9.23500000000e+05	5.714577e-04	0.000000e+00
9.28000000000e+05	5.745275e-04	0.000000e+00
9.32500000000e+05	5.781048e-04	0.000000e+00
9.37000000000e+05	5.811128e-04	0.000000e+00
9.41500000000e+05	5.845066e-04	0.000000e+00
9.46000000000e+05	5.878033e-04	0.000000e+00
9.50500000000e+05	5.912263e-04	0.000000e+00
9.55000000000e+05	5.950205e-04	0.000000e+00
9.59500000000e+05	5.988005e-04	0.000000e+00
9.64000000000e+05	6.020961e-04	0.000000e+00
9.68500000000e+05	6.057590e-04	0.000000e+00
9.73000000000e+05	6.096498e-04	0.000000e+00
9.77500000000e+05	6.133319e-04	0.000000e+00
9.82000000000e+05	6.174014e-04	0.000000e+00
9.86500000000e+05	6.216067e-04	0.000000e+00
9.91000000000e+05	6.253836e-04	0.000000e+00
9.95500000000e+05	6.293137e-04	0.000000e+00
1.00000000000e+06	6.335427e-04	0.000000e+00